Country,Artificial surfaces,Bare area,Cropland,Grassland,Inland water,Shrubland,Sparse vegetation,Tree cover,Wetland
Afghanistan,0.0014417090858298998,0.39153979550646,0.12120420901227,0.37161204670205,0.0009918055340539,0.03545002185263,0.065288259547029,0.012361298253988,0.00011085450568319999
Albania,0.010767362237551998,0.016824003496175,0.48785856576375997,0.05348826609541,0.022596446448728,0.030535231206047005,0.013287611366859998,0.36185951487885,0.0027829985066183
Algeria,0.0012307328017821999,0.8998898600363701,0.045990713558555,3.80195483845e-05,0.0006435975830906,0.007158147147324901,0.036376103379821,0.0086631543051719,9.6716395013e-06
American Samoa,0.00038505968425110005,0.0,0.59992298806315,0.0,0.04736234116288,0.0,0.0007701193685021,0.35155949172122,0.0
Andorra,0.0087763713080169,0.04135021097046399,0.010126582278481,0.23881856540083998,0.0,0.000337552742616,0.10464135021097,0.59594936708861,0.0
Angola,0.001008521566661,0.024249129905982998,0.058411188174831,0.13151874215973,0.0018282418820083,0.17615162909477,0.0003806218437872,0.6005910760845601,0.0058608492876757986
Anguilla,0.012795275590551,0.0009842519685039,0.017716535433071005,0.60334645669291,0.11712598425197002,0.0,0.0,0.12007874015747999,0.12795275590551
Antarctica,0.0,0.97324397114736,0.0,0.0,0.026749814830512995,0.0,6.2140221220000006e-06,0.0,0.0
Antigua and Barbuda,0.028960817717206,0.0,0.040885860306644005,0.31856899488927004,0.1282793867121,0.0034071550255536996,0.000511073253833,0.3954003407155,0.083986371379898
Argentina,0.0025726322482106,0.047961486939885,0.23404578814376997,0.030406942536936002,0.014658630583258002,0.33626920195167,0.16897298598826002,0.13203530631997,0.033077025288031
Armenia,0.023762101917487,0.01237375321498,0.56038935240365,0.11018495284696,0.044795391338896,0.023202747631892996,0.013390523388328001,0.21148035464107,0.0004208226167325
Aruba,0.17770183682187,0.0,0.082870568133276,0.085860743272106,0.035027765912002996,0.5429303716360501,0.059376334899615996,0.0021358393848783,0.014096539940196003
Australia,0.0015931856685273001,0.043238829779672,0.08178166883883599,0.16812555426362,0.0016437238986760998,0.21624848150037998,0.35713071601099,0.11719763511518,0.013040204924113999
Austria,0.028034559344408,0.028367108745497,0.22970504434145997,0.15325460848066,0.0082372763006505,0.0,0.01404353357229,0.53686462107332,0.0014932481417305
Azerbaijan,0.009459850102300901,0.023640957669853,0.30753203844285,0.022711417646923998,0.48476214972997,0.03289840792845201,0.050496886931107994,0.06822701953580201,0.00027127201273990004
Bahamas,0.01070962692408,0.00041090529611269994,0.022508478998174,0.12024523871640999,0.15478737281503002,0.0011805374380380999,0.0031763631620141,0.4731215757892,0.21385990086094
Bahrain,0.33851784080512,0.55786825251601,0.010178408051234999,0.0,0.054551692589204004,0.0033165599268070002,0.032593778591034,0.0014867337602928,0.0014867337602928
Bangladesh,0.007874613489325699,0.0024011657618517,0.74395706616601,0.008574884741293,0.082056608101693,0.030165573168993997,0.00011111924029649999,0.12229442527974,0.0025645440508024
Barbados,0.16965713270563001,0.0,0.70794101971931,0.008349618049387102,0.013679161485166,0.0,0.0003553028957186,0.098596553561911,0.0014212115828744
Belarus,0.009268483199264,2.98706303e-06,0.51925162122846,0.017302189218495,0.010969988977736999,0.0,3.88318193902e-05,0.44115709860593993,0.0020087998876864004
Belgium,0.11333710173160999,0.0001665497453808,0.5066973185491,0.1465309706822,0.0052034178026537006,0.0,0.00011355664457780001,0.22459737860795,0.0033537062365309005
Belize,0.0016296893338423998,0.0003535117860829,0.12697082820741,0.015045461615689999,0.022607078720005,0.017208953746518,0.0,0.8110373449850798,0.0051471316053677
Benin,0.0047263728004009005,2.19893278462e-05,0.40134321475977003,0.00010528223635459998,0.0018724245832689001,0.24440205020496997,3.3317163403e-06,0.34727212392919,0.0002532104418655
Bermuda,0.046987951807229006,0.0,0.040963855421687,0.0,0.46506024096386006,0.0,0.32650602409639,0.0,0.12048192771084
Bhutan,8.37835849566e-05,0.029377385788668997,0.037105910625393,0.14127751575539998,0.0003085688128888,0.008791145914221999,0.0013180588365117,0.78171310865709,2.45220248653e-05
Bolivia,0.0012359638551441999,0.07988918846996,0.07352751809032201,0.091685910685311,0.011860788231696,0.086711368776818,0.065626137233801,0.56328507003146,0.026178054625492
Bosnia and Herzegovina,0.0090620697184935,0.0002532405694425,0.29395467752012,0.10011797674433,0.0046007897466380995,0.016114895397997,0.0006778355361725,0.57405694425068,0.0011615705161255
Botswana,0.0009804941254144,0.015464594878501001,0.059920666693445,0.053086069349078,0.0011112355423002,0.7667924249247701,0.0009311502132428,0.088744826536863,0.012968537736388999
Bouvet Island,0.0,0.0,0.0,0.0,1.0,0.0,0.0,0.0,0.0
Brazil,0.0031094673848611,0.0004374667351019001,0.24855129032002002,0.052149176075196,0.015467918493533,0.15015734951991,0.00018662833338559999,0.5135367099362099,0.01640399320179
British Indian Ocean Territory,0.0,0.0,0.35333333333333,0.185,0.38166666666667,0.0,0.073333333333333,0.006666666666666701,0.0
British Virgin Islands,0.12113659022931002,0.0,0.0044865403788634,0.080757726819541,0.18594217347956,0.0,0.0019940179461614997,0.45363908275175,0.15204386839482
Brunei Darussalam,0.017242052389813998,0.0,0.11312087654689998,0.0,0.014118963655055002,0.0005205147891264,0.00033833461293220003,0.85465925800617,0.0
Bulgaria,0.02081028077838,0.0049389881511606995,0.5597668368902099,0.016404372086679,0.0082808257025027,0.0019680792576416,0.0011907297064444001,0.38595022457538003,0.0006896628515992999
Burkina Faso,0.0020771870334059,0.0042305469607296,0.7155324682041401,0.15565579521127998,0.0037549582651244,0.083546205184479,0.0051325352138013,0.029164099462124,0.0009062044649121001
Burundi,0.0043931732888204,0.0,0.56618771454949,0.12576423208074,0.07411800686558401,0.074312369769709,0.0,0.14670969327819,0.0085148101674665
Cabo Verde,0.0080156143409384,0.32941711513681,0.064428105813689,0.13308193739104,0.088721291594027,0.32704843477601997,0.014117334950353,0.035056469339801,0.0001136966573183
Cambodia,0.0020687786330649,0.00012194192515810001,0.43951341784586,0.0065298207284335994,0.023095292533598,0.029897788955788,1.99002447307e-05,0.46255451396828,0.036198545165087005
Cameroon,0.0016665335771621,2.98626450318e-05,0.15451674980910998,0.028323646397245,0.0075861017600152006,0.036992722753883996,0.0,0.76709644677421,0.0037879362833446993
Canada,0.001262318439972,0.059319368677189004,0.05803682193685201,0.024338073196313998,0.10524406433347,0.040085052477507,0.23335360996518,0.47023071089718,0.0081299800763456
Cayman Islands,0.056366237482117,0.0,0.14964234620887,0.0045779685264664,0.09384835479256098,0.0,0.0020028612303289997,0.6738197424892701,0.019742489270386
Central African Republic,0.0002788238491298,9.0462848829e-06,0.021503762696864,0.10291574153946,0.0014906542583032001,0.05812708939749401,0.0,0.81539903224579,0.00027584972807240005
Chad,0.0002512230491892,0.49730067364838,0.18852379088351,0.10093759358210001,0.0029061069194361,0.10231655598778,0.066360796275605,0.036227153511621,0.0051761061423762
Chile,0.0035739421244329996,0.21559619642554,0.06623716344993,0.04430845735362901,0.03507220318608399,0.16168366219902,0.16215484513945,0.31095618491824,0.0004173452036637999
China (People's Republic of),0.014619203997609999,0.18310607312132,0.28740486936568,0.27883267318905003,0.013426438949043001,0.0038586845603322,0.024935535565198997,0.19035034390783998,0.0034661773439196002
Chinese Taipei,0.056078627636805004,0.0,0.31132242229345003,0.0003556558869568,0.017661402817561,0.00010435412252030001,0.0012266933586055,0.60276857876074,0.010482265123361999
Christmas Islands,0.0,0.0,0.28950338600451003,0.0,0.045146726862303005,0.0,0.0,0.66534988713318,0.0
Cocos (Keeling) Islands,0.0,0.0,0.39195979899498,0.0,0.6080402010050201,0.0,0.0,0.0,0.0
Colombia,0.0023365025410503,0.00028177636030000003,0.12291727507813001,0.13243326916069,0.012498476017888,0.048110511959429,0.0047376097722796,0.65519518244783,0.021489396662402
Comoros,0.015853828629876,0.0,0.12143753777489,0.0055790599284021,0.022455716211817998,0.011251104188943999,0.0,0.82342275326608,0.0
Congo,0.0009700919130533,1.1720441328699998e-05,0.09882495813886599,0.033572077220578,0.0085137736597957,0.028732661917333993,0.0,0.8268845737129001,0.002490142996146
Cook Islands,0.000646830530401,0.0,0.42529107373868,0.0,0.10058214747736001,0.0,0.058861578266494005,0.41461836998706003,0.0
Costa Rica,0.0086019207997364,0.000446872569096,0.26666104941327,0.0041136350299946,0.005977861000061701,8.12495580175e-05,0.0,0.7134869752444599,0.0006304363853576001
Croatia,0.017138022754870003,0.0017426873525800003,0.42744848941998,0.054465482332874,0.011518437851223999,0.015953871490155,0.0057291017836193,0.46082102066993996,0.005182886344750901
Cuba,0.0077479636273069,0.0001574845758774,0.47240655163586,0.060419963494104,0.034535604348794,0.0002913811536057,9.50457572476e-05,0.40630743070505,0.018038574702148997
Cyprus,0.04152609438127399,0.075530009579741,0.42853096755383,0.0069390645174725995,0.0095714107209796,0.034487067349743994,0.14464575784081,0.25805323003874003,0.0007163980174100999
Czech Republic,0.044401021741434,4.02183167948e-05,0.4981352434090999,0.077028866942113,0.007527691782515,0.0,0.0005973891445858,0.37128372943471,0.00098583922875
Côte d'Ivoire,0.0052859622026258,0.0,0.5173556156726,4.58196272191e-05,0.0087849589437049,0.085618030405141,0.0,0.38283276981556,7.68433331488e-05
Democratic People's Republic of Korea,0.0088086642599278,0.0012422556082796001,0.34856305077799,0.0042715936499928995,0.017308971670896997,0.0061835322308578,0.0017940188860688,0.6112969589961099,0.0005309539198839999
Democratic Republic of the Congo,0.0009631518600747,0.000158217964694,0.11830204435739,0.016248424618781,0.018475968751293002,0.019050201076904,1.18333852761e-05,0.80583778142814,0.020952376557436998
Denmark,0.04045902498469999,0.0007196943183633,0.72813143305317,0.069537547044856,0.021475965619789997,0.0,0.0002656228406927,0.12502221001793,0.014388502120496003
Djibouti,0.0009286828300014001,0.87016517793847,0.0025379271232099996,0.034822061534099,0.010435275769176,0.010424641996313998,0.026811285977597996,0.0006025804622147,0.043272366368921
Dominica,0.0056248721619962996,0.0,0.0030681120883615997,0.0015340560441807999,0.012579259562283,0.0,0.0032726528942523996,0.97392104724893,0.0
Dominican Republic,0.016275482886209,7.99149704714e-05,0.32965085149400997,0.11756451135991001,0.011963271079571,0.0005194473080642,0.0004427289364117,0.4819959563024901,0.041507835662855
Ecuador,0.0059733419616937004,0.014308697566981998,0.14007483904213,0.049863534092509,0.011992222491858,0.09486612559657001,0.0013544728161710002,0.6772139383971001,0.0043528280349808
Egypt,0.0033368946619478997,0.9151291021448401,0.049564935279114,0.0,0.0080644232516186,0.0007743676474147999,0.011962272219059,2.21717972702e-05,0.011145832998732
El Salvador,0.015589276119541003,0.0006410612713763999,0.23680729253516003,0.0020010005002500998,0.022300038908343,0.0084227298834602,0.0,0.71337520612158,0.0008633946602931
Equatorial Guinea,0.0022856233156321,0.0,0.09836424420918599,7.95988219374e-05,0.0061347949193209,0.0002331108356739,0.0,0.8926439317269501,0.0002586961712967
Eritrea,0.0013821383436484998,0.39474749248796004,0.20223509333252,0.18961830836957,0.0021400235956214003,0.10606130025364999,0.07332396635524,0.028506921509560003,0.0019847557522282
Estonia,0.0067564101248679,0.0003249096238231,0.25624424995468,0.052577217337177,0.04853465759655799,5.4721620854399995e-05,0.0004634237266108,0.59029751461238,0.044746895403042004
Eswatini,0.0025331220172377,0.015029560510008002,0.3636209844006,0.13213191822779,0.004073473894152,0.10139611083410999,0.0001558159413064,0.37854369969371,0.0025153144810884
Ethiopia,0.0008659778419832002,0.062898007258166,0.23909298018029,0.075065624936463,0.006755987164079999,0.40130535194705996,0.0027405291706013002,0.20981524514040997,0.0014602963609415
Faeroe Islands,0.0,0.004097906744933,0.019437368479344,0.7109314431277,0.030955809059696002,0.072377893454425,0.049839406357293,0.088935651788681,0.023424520987928
Falkland Islands (Malvinas),1.92242379192e-05,0.0073564750437351,0.00010252926890219999,0.8605537862136601,0.036314585429308995,0.0192562783157,0.009266082677039201,0.06705414186206,7.689695167669999e-05
Fiji,0.0018284916835154,0.0,0.30991462835380995,0.0,0.030907814595147003,0.0,0.0035014564882031004,0.6538476088793199,0.0
Finland,0.0017909471622295,0.0010511581251350002,0.09149536959211801,0.0057515895575914,0.09759719188315501,0.0011541812798189,0.013649648146032,0.71498391298039,0.072526001273532
France,0.028837579683375,0.0039845016758053,0.43756895764012,0.14228970961343002,0.0074144368395834,0.005136610275447999,0.0040175504987225,0.36760048355391,0.0031501702195967
French Polynesia,0.0014141215751743,0.0,0.43543160168908995,0.0,0.16348816655210002,0.0,0.11648826475498,0.28317784542866,0.0
French Southern and Antarctic Lands,0.0,0.77134875897354,0.0033941748350471007,0.0040649999499384,0.11916657488711,0.018212401253542,0.07884698178759901,0.0047358250648297,0.00023028324839550001
Gabon,0.0008036523732459,0.0,0.04927168276782099,0.017207290557550003,0.011699771290537,0.019126577574842,0.0,0.9011969884552,0.0006940369808025
Gambia,0.011663685642428001,0.0014665268669092999,0.59772619806336,0.0002809701006695,0.08178971101197201,0.08074121283142499,0.0,0.22224049670032003,0.004091198782919799
Georgia,0.015022855814673998,0.021859677472911,0.34748586038584,0.081488450342561,0.0053392953989529,0.039565462816412,0.0068390352964615,0.48101251812416,0.0013868443480282
Germany,0.06842481771789,0.00036850241311740003,0.45641652933478,0.13660641951544,0.012406392164466,0.0,0.0006281635380386002,0.32190903724579,0.0032401380704754996
Ghana,0.010763052105543,0.00028195222822630003,0.46892867155169,0.0001864678362272,0.029601769001072996,0.12568607303881,1.8325287353399998e-05,0.36434657812231,0.0001871108287659
Gibraltar,0.6301369863013699,0.0,0.054794520547945,0.0,0.027397260273973,0.095890410958904,0.0,0.19178082191781,0.0
Greece,0.01637246104138,0.019576545399591,0.41198843015096004,0.05508623497243401,0.01674324447808,0.18655151488171,0.0052513009636855,0.28652539017196,0.0019048779402014002
Greenland,0.0,0.81696649855007,0.0,0.015541756213428,0.025530090923796003,0.0039300501815973995,0.13666122061574,0.0008819580574282999,0.0004884254579451
Grenada,0.028046421663443,0.0,0.025870406189555002,0.045938104448742995,0.029255319148936004,0.0,0.0,0.87088974854932,0.0
Guam,0.0,0.0,0.079937747594793,0.8862478777589099,0.031267685342387996,0.0,0.0002829654782117,0.0022637238256933002,0.0
Guatemala,0.0078805644460452,0.000208625979432,0.27601076115356,0.053053022715563,0.012111583887026,0.0036636413550257,0.0,0.64530905190065,0.0017627485627009002
Guernsey,0.31625615763547,0.0,0.50541871921182,0.062068965517241,0.031527093596059,0.0,0.0,0.084729064039409,0.0
Guinea,0.0019833757966212003,7.04736779233e-05,0.22779620908496998,3.4762800769299994e-05,0.0035619229770104,0.11242289768802,0.0,0.6540832701809101,4.70877937694e-05
Guinea-Bissau,0.0017372524415271,0.0008198831666488,0.274878329838,0.0013948012408232001,0.013095633872173001,0.031405524712728,9.998575203e-06,0.67608115843492,0.0005774177179752
Guyana,0.0010374546136269998,0.00017623311507259997,0.014972199770026999,0.006414740340811601,0.0082568477987722,0.041212802936929,0.0001298178090453,0.92093043832367,0.006869465292048399
Haiti,0.015952861243965,1.4225843805899999e-05,0.19216554329920002,0.52353950374567,0.013688106910061002,9.673573788030001e-05,0.0027199813356929,0.14322579543806,0.10859724644567001
Heard Island and McDonald Islands,0.0,0.6152688980819899,0.0,0.023505077096652997,0.16359533659269998,0.0,0.19763068822866,0.0,0.0
Holy See,1.0,0.0,0.0,0.0,0.0,0.0,0.0,0.0,0.0
Honduras,0.0045182239830399,4.2482542758300005e-05,0.23345664690772,0.05038498091369,0.010226644365616,0.0015958361626478,3.15193059175e-05,0.69844383705067,0.0012998287679445999
"Hong Kong, China",0.18217440866343998,0.0,0.20312054716443,0.010615559988601,0.12446565973212,0.0094756340837846,0.0004987175833571,0.46665716728413004,0.0029923055001425
Hungary,0.040712102229601,0.00011056971670040001,0.6806696700616299,0.071139558103555,0.014981780937281999,0.0,0.00016710160193069998,0.18648123099842998,0.005737986350875099
Iceland,0.0,0.30620637219187,0.0,0.23541104235128002,0.027747966177017004,0.0021003322439922,0.35731269329253995,0.00027661806452,0.070944975678772
India,0.009574752689627802,0.0068281916641065,0.7212070155627499,0.024391360242828997,0.016801522222496,0.03858160516898101,0.0017861972099601,0.17844796676841,0.002381388470839
Indonesia,0.008894556978296199,0.0,0.35560796532780997,0.0032728148435359,0.020499392787945003,0.000601724096859,0.011110756991028002,0.60001278897452,0.0
Iran,0.0038125409852751003,0.63087352220384,0.18805214813501997,0.026986697094699,0.037404625016122996,0.031908077739074996,0.06886468208982001,0.011606767988569999,0.0004909387475796
Iraq,0.005787067738313101,0.74699717941236,0.21554364837264,0.006367100807271601,0.011337701265286002,0.0034727711610388003,0.0090419728197919,0.000691088180942,0.0007614702423583
Ireland,0.012797419037697,0.0036657370390011995,0.07958114719522999,0.6727109072007199,0.023601987978685002,1.4392806254e-05,0.0034919162250105,0.08066392908110799,0.12347256343629001
Isle of Man,0.029228687415426006,0.017050067658999,0.12395128552097001,0.6893098782138,0.013261163734776999,0.0,0.0001353179972936,0.12706359945873,0.0
Israel,0.05186303381871901,0.56607965461734,0.29266655292381,0.0005378059002871,0.022828933215634,0.0012647711172268999,0.035576787555542,0.029141661783142002,4.07990682976e-05
Italy,0.044458215438465995,0.022115548402859998,0.53519632273352,0.06467203067437499,0.010090079257723001,0.019869540385367,0.008107929651802,0.29450966397489997,0.0009806694809851
Jamaica,0.028133566085487,0.0,0.17651306426623,0.07635953197187301,0.006603991839653399,3.5053035242299996e-05,0.00013320153392080002,0.7054213024305801,0.0068002888370104
Japan,0.066269906896752,8.98308385957e-05,0.24724344550528002,0.0015060119392221998,0.014784417371463,0.0,0.00012481104993829998,0.66782128961897,0.0021602867797776
Jersey,0.14822006472492,0.0,0.7799352750809101,0.021359223300971,0.023300970873786003,0.0,0.0,0.027184466019417,0.0
Jordan,0.006242954398574901,0.9063600097935499,0.061030589265337006,0.0003304889939379,0.005247161644589399,3.2875868506900004e-05,0.020383903628717,0.0003650951713136,6.9212354751e-06
Kazakhstan,0.0015207359134714001,0.11778872307915002,0.22728922174780997,0.28602378447628,0.062475441872090004,0.06078977605546101,0.22072346546934,0.019085430341696,0.0043034210447017995
Kenya,0.0008496223761399999,0.031157610157924,0.24468768501038,0.23740584780119,0.020991011667576,0.28459040753268,0.0057224604694899,0.1586376143711,0.015957740613518
Kiribati,0.00045630846452199996,0.0,0.50825157806677,0.0,0.38405962430602997,0.0,0.098182371282987,0.0090501178796867,0.0
Korea,0.035951235917527996,0.0027404977224085997,0.44616164857754,0.0040480252793792006,0.020870417785453,0.009245812871950799,0.0044682195384174,0.4754605783135101,0.0010535639938156
Kuwait,0.023190856454840002,0.93993129946704,0.020641145953220003,0.0,0.0026382421162597005,0.0017927651964517002,0.0061662269596472995,0.0,0.0056394638525417
Kyrgyzstan,0.0033045048495663003,0.12082028013857998,0.25044843805545997,0.39911045086487,0.03609446603985499,0.015012934632133998,0.10631596943449001,0.068892955985034,0.0
Lao People's Democratic Republic,0.0006803649478915,0.0,0.1849518222202,0.0027691754303834004,0.0099385335816326,0.23720178142834,0.0,0.56048891512322,0.0039694072683264005
Latvia,0.0056468628406419995,0.0001296198059063,0.29703698725165,0.074841035710257,0.018683254801334,0.0,1.92029342083e-05,0.58169288267247,0.021950153983528998
Lebanon,0.032352516180061,0.041889435618189,0.5911521115834799,0.0009582550631612,0.0021370608948277,0.18110260173855,0.11757637521008998,0.032831643711641004,0.0
Lesotho,0.0033508843805795004,0.00019725960881900002,0.24866343970177998,0.4309338472199001,0.0022482537466680997,0.18632181640694,5.56373255643e-05,0.12794308807389,0.0002857735358532
Liberia,0.0025957279542883,0.0,0.53289120472456,0.00021651039569470004,0.004946982915652,0.0025366070344307002,0.0,0.4565013837491,0.0003115832262765
Libya,0.0007753179433038002,0.9595340092123199,0.013291904497742,4.9312501541000006e-05,0.0002742117137714,0.0012250213533107999,0.023918653565377004,0.0007850094175950999,0.0001465597950424
Liechtenstein,0.072946859903382,0.018357487922705,0.11400966183575001,0.21111111111111,0.0072463768115942,0.0,0.0038647342995169,0.57149758454106,0.0009661835748792
Lithuania,0.011948750111997,0.0001600812352537,0.56412149448974,0.048149807364932,0.018546725203835,0.0,9.198697846670001e-05,0.35169608458023,0.0052850700355404
Luxembourg,0.05904619970193701,0.0,0.35681073025335003,0.24089418777943,0.0024739195230999,0.0,8.941877794340001e-05,0.34059612518628996,8.941877794340001e-05
"Macau, China",0.5137614678899101,0.0,0.31651376146788995,0.0045871559633028,0.045871559633027,0.0,0.0,0.059633027522936,0.059633027522936
Madagascar,0.0008248476440983001,0.0058336066721126,0.139778313545,0.39901315995646003,0.007291355460890999,0.0014405127765857997,0.0010209725707147,0.43972422902795005,0.0050730023461869
Malawi,0.0032907062302096994,0.0010406009081961,0.51470204709754,0.018427307749306003,0.20292300135705,0.022339268253065,3.88283920969e-05,0.21681580004931,0.020422439963217
Malaysia,0.012387232188087,0.0,0.33472135827944993,6.2855716797e-06,0.015568197055931002,0.0010815839268155,0.0008089763550761,0.6354263666229599,0.0
Maldives,0.0082304526748971,0.010699588477366,0.28271604938272,0.0020576131687243,0.58106995884774,0.034567901234568,0.056378600823045,0.024279835390947004,0.0
Mali,0.00039252865225769995,0.55004202900278,0.21061708010028998,0.11218580664054999,0.0030385808188303997,0.059719447961363,0.041878833388384995,0.019706645790767,0.0024190476447851004
Malta,0.25435796710041997,0.13675423520746,0.56346673213847,0.0,0.031180947704395005,0.0027007120058925,0.011048367296833,0.0004910385465259,0.0
Marshall Islands,0.0026569246097642002,0.0,0.10229159747592,0.0,0.7485885088010601,0.0,0.14347392892727,0.0029890401859847,0.0
Mauritania,0.0003064477449585,0.80891580061306,0.023005126243662005,0.10644050393662,0.0005932010950972,0.005215238634242601,0.052293504825607996,0.0014745622828201998,0.0017556146239322
Mauritius,0.06556374890154,0.00038207312879690004,0.65097619684408,0.0018721583311046,0.024529094868757997,0.0010698047606311999,0.00015282925151870002,0.25530126466206005,0.00015282925151870002
Mexico,0.008202643922572701,0.014239492724168998,0.16379234522024,0.07769453556033701,0.014050341680518002,0.35249425308747,0.0003162050690364,0.36883583761924,0.0003743451164221
Micronesia,0.060389055151774,0.0,0.06808465156049599,0.0,0.12836682342882,0.0,0.0056648140230868005,0.7374946558358301,0.0
Moldova,0.0625184540908,0.0,0.8459767220957,0.0036232962153378,0.0095423385481637,0.0,5.95108664553e-05,0.077071149818606,0.0012085283649389
Mongolia,0.0004268632695374,0.43257877994393,0.064405306032006,0.20561906836473998,0.0094538008225741,0.0057056764413974,0.22357247889256002,0.055858107842325,0.0023799183909380003
Montenegro,0.007318295739348399,0.0029741019214703,0.17974380395432998,0.10827624617098,0.021381230854914998,0.0027958785853523,0.0064884433305486,0.66319131161236,0.007830687830687801
Montserrat,0.0007604562737642999,0.0,0.10798479087453,0.0,0.03574144486692,0.0,0.044866920152091,0.7171102661596999,0.09353612167300401
Morocco,0.0051594395802323,0.44612151510313,0.22608257411053,0.0015727887996445002,0.0019316027631653,0.035512532619874,0.23463455505021,0.048981828157144004,3.1638160684e-06
Mozambique,0.0009821029792572002,0.0074538296890902,0.14327427861559,0.036082717281742005,0.018708768881198,0.18936936980912,0.0005452331152238,0.58139783712808,0.022185862500702
Myanmar,0.0020563158709610996,5.8909985427000004e-05,0.33253637691599996,0.0097350191964701,0.01530057177271,0.12727046980771,4.44995193245e-05,0.51201850165507,0.0009793352763253
Namibia,0.0010510669169314,0.18169306531065,0.034502438363232996,0.46389650481978995,0.006140433741525699,0.18511332666973002,0.030817543370979,0.09523459701571699,0.0015510237914504001
Nauru,0.0,0.0,0.86013986013986,0.0,0.076923076923077,0.0,0.062937062937063,0.0,0.0
Nepal,0.0024299858054988,0.04558690972443401,0.29169491118253005,0.18916026834814,0.0020492723620841,0.0028039101202928995,0.0007431484636202,0.46536917714716997,0.00016241684623040001
Netherlands,0.10634389786811001,0.0016628529420901,0.36681127758048,0.32293308207619,0.08640829976910598,0.0,0.0006274526045494999,0.09753678259699099,0.017676354562492
Netherlands Antilles,0.11111111111111,0.0005868544600939,0.026115023474177997,0.1421165884194,0.098787167449139,0.20402973395930998,0.028658059467919,0.35025430359937,0.038341158059468
New Caledonia,0.0022623309466985003,0.0,0.22383817289843003,0.003637960753115901,0.010006463802705002,0.035530197560329,0.058281954388756,0.66644291964996,0.0
New Zealand,0.010158570990264,0.04080956572145,0.023655266540525,0.52509493709141,0.020091204079201,0.059999608566184005,0.0083979822738045,0.30725424720082,0.0045386175363501
Nicaragua,0.0021859630414865997,0.00022021198994450001,0.32814698192884995,0.036461839595911004,0.079786753411042,0.0015821752755791002,2.5132890156699998e-05,0.5486067103619899,0.0029842315050353004
Niger,0.0001764614812859,0.66525140009024,0.08618469739033299,0.12087520475055999,0.0003650770314486,0.0048196407673208,0.1194802166206,0.0011628909109273,0.0016844109572765997
Nigeria,0.007939079400003001,0.0001986269479233,0.6350427951939901,0.029330213203344,0.010555193156892,0.093086590957498,0.000831512727121,0.21879531362062998,0.0042206747926013
Niue,0.0011685655857435,0.0,0.26906222611744,0.0,0.012269938650307,0.0,0.0,0.71749926964651,0.0
Norfolk Island,0.0,0.022312373225152,0.76470588235294,0.040567951318457994,0.062880324543611,0.0081135902636917,0.0,0.10141987829615001,0.0
North Macedonia,0.013350542859312,0.0033254878141371004,0.37976767139929,0.11648925670033,0.020280920203477,0.0029823096196189003,0.005818844430946801,0.45724090805558004,0.0007440589173184
Northern Mariana Islands,0.00016186468112659998,0.00032372936225319996,0.48106183230819,0.31353188734218,0.060861120103593,0.0,0.0009711880867595001,0.1430883781159,0.0
Norway,0.010913163146158,0.06216188246841901,0.04685329645909901,0.12208283400808,0.046445832644021995,0.009967856699514301,0.18406415502161,0.43668691820254,0.080824061350557
Oman,0.0016854273003314999,0.92515121841258,0.009580927316664599,0.0,0.0011630171517599999,0.0018001331086096998,0.05931985939062799,0.0011949352897157,0.00010448202971430001
Pakistan,0.0056971321221234,0.27871667954772,0.35742419648390006,0.21299271992417002,0.0068437284366045,0.072882518518634,0.036044815134055004,0.024714630561158,0.0046835792716329
Palau,0.0012142237640936997,0.0,0.23989592367736,0.0,0.07424111014744099,0.0,0.0017346053772767,0.68291413703383,0.0
Palestinian Authority or West Bank and Gaza Strip,0.063076061944151,0.18722557372971,0.46811368866222997,0.00022389452080349997,0.030263076061944002,0.0017040860750047,0.187461906835,0.061931712171155,0.0
Panama,0.0049660565570110995,0.0005900976483326,0.30820954110928,0.0073110532986459,0.015492372346485001,0.0081207698978361,8.210054237669999e-05,0.6542315132669301,0.0009964953330973
Papua New Guinea,0.0006120694108305001,2.30875571521e-05,0.12427317795574,0.0037459976723091997,0.015352561116003001,1.6609753347e-06,0.009267079684793398,0.84672436562784,0.0
Paraguay,0.0018197189577268999,1.4832048242300001e-05,0.23383186351588,0.0368878818506,0.0095381627638154,0.21107641952814,7.0885633158e-05,0.43031836317368005,0.076441872528754
Peru,0.0021137226990633,0.07445994715484901,0.036527076382309,0.12127067951472002,0.011568346399741001,0.066324963743234,0.047312652935437,0.63742900919926,0.0029936019713868002
Philippines,0.0079252857381965,0.0,0.61215767532564,2.98421092922e-05,0.027450329106566,9.601374294e-06,0.0052514327456167995,0.34717583360040005,0.0
Pitcairn,0.0,0.0,0.8757961783439501,0.0,0.047770700636943,0.0,0.076433121019108,0.0,0.0
Poland,0.024584886647373,8.21539729264e-05,0.58259551950598,0.052810112632849,0.014295287687825,0.0,0.0002903931973532,0.32244888335128996,0.0028927630044031
Portugal,0.030505604955607005,0.0041075573680727,0.50755669621712,0.0092514520479839,0.011221668687832,0.015231806989314,0.0012496514748911,0.41927402639720995,0.001601535861974
Puerto Rico,0.13785923249010001,3.44174840819e-05,0.13034761658923,0.054190328686973,0.013500258131131003,0.0,0.0,0.64700567888487,0.017062467733608998
Qatar,0.042826966262186,0.90262479259541,0.023096042487123,0.0,0.010695080263079,0.0043579953221518,0.01474654992037,0.0016525731496845,0.0
Romania,0.036783412015468996,0.00028119295869479997,0.53718655255487,0.07587312521811099,0.012500600008043,0.0,0.0003278962874746,0.32428618502561,0.012761035931725
Russia,0.0020258774484856,0.022054196350958,0.11046203873585998,0.06954904826325001,0.03537889456942,0.05689767145688401,0.07675105326925,0.57810866245572,0.048772557450175995
Rwanda,0.005690906946716499,3.0238612894e-06,0.67578461640808,0.0016963861833729998,0.063331750845925,0.058560097731197,6.0477225789e-06,0.16347598902943003,0.031451181271413
Saint Helena,0.047241045498548,0.08189738625363,0.07221684414327201,0.21026137463698,0.044724104549855,0.019941916747338,0.46950629235236996,0.054211035818005994,0.0
Saint Kitts and Nevis,0.027867409797595003,0.0,0.24229979466118998,0.07040187738339701,0.044587855676151,0.0,0.0,0.6092695805221501,0.0055734819595189
Saint Lucia,0.016443594646272,0.0,0.08591459528362,0.0,0.016698534098152,0.0,0.0006373486297003999,0.87839388145315,0.0019120458891013
Saint Pierre and Miquelon,0.01063122923588,0.011960132890365,0.0,0.0009966777408638,0.11860465116278998,0.38637873754152996,0.0033222591362126004,0.25747508305648,0.21063122923588
Saint Vincent and the Grenadines,0.019491066594478,0.017144919689587,0.09962100703844098,0.022017686338206003,0.049088612163869005,0.0,0.0,0.7906515069481999,0.0019852012272153
Samoa,0.0001625884074465,0.0,0.6508142969406299,0.0,0.0078042435574344,0.0,8.12942037233e-05,0.34113757689076996,0.0
San Marino,0.12820512820513,0.03988603988604,0.7863247863247901,0.0014245014245014,0.0,0.0,0.0,0.044159544159544,0.0
Sao Tome and Principe,0.012940720650911,0.0,0.09507942657884501,0.0,0.024486633087950002,0.0,7.748934521500001e-05,0.86718326230143,0.0002324680356451
Saudi Arabia,0.0019902196881901,0.9415452985365499,0.014176768878376,6.8730230568e-06,0.0008180495815088,0.0021564909029546,0.038883049039258995,0.00037557874250690004,4.767160759770001e-05
Senegal,0.0030259206305757002,0.00038729591091489994,0.32244910426562,0.061158684415705995,0.015823524643416003,0.30854208739573,0.0019341299332747,0.26866588110994,0.018013371694817
Serbia,0.017900903928694,0.0007780718521785999,0.56785679276857,0.037130393989678996,0.008297099166089,0.00010590179315369999,0.0007518152092479,0.36590382366739,0.0012751976249990998
Seychelles,0.0035570677389422,0.013454995360346,0.44370553665326007,0.014692236313022,0.20955768635942001,0.0015465511908444,0.0051036189297866,0.30838230745438,0.0
Sierra Leone,0.0037599055987543,0.0006457690971872,0.6677741040219299,0.007705682236995099,0.0062346457244881,0.012261115884751001,0.0,0.29907499949549,0.0025437779404001997
Singapore,0.48782698782699,0.0,0.30911680911681,0.0,0.077441077441077,0.0,0.0005180005180004999,0.12509712509713,0.0
Slovak Republic,0.040508150703196,0.0007305731448885999,0.43422080350423004,0.041693162434969996,0.006005532158630601,0.0,0.00039447794000459994,0.47591238802743996,0.0005349120866463001
Slovenia,0.020134228187920003,0.0038361805979256,0.27601815131177004,0.03642846247712,0.0022651006711409,4.19463087248e-05,0.0014452410006101002,0.65893837705918,0.0008923123856010002
Solomon Islands,0.0004350557007251999,0.0,0.019816787168032,0.0,0.027715767234323996,0.0004432129951138,8.97302382746e-05,0.9514994466635299,0.0
Somalia,0.0008258669691447,0.08336401203357599,0.09851886512478099,0.1046018050364,0.0007464846943327,0.5546381278892101,0.09371708715603301,0.062646573483529,0.0009411776129847
South Africa,0.0067631817224187,0.0055643699560629,0.14018391289787,0.17963683716167,0.0044336595846686,0.50882566307974,0.07491336480093301,0.077509990834398,0.0021690199622293
South Georgia and the South Sandwich Islands,0.0,0.7987871995517,0.0,0.0662837472732,0.12988572457822,0.0,0.005043328596873901,0.0,0.0
South Sudan ,0.0002207870993037,0.0004098764372496,0.05429789946250299,0.039825067369934,0.003138444117822,0.44294451721384,4.91315301046e-05,0.40100898850980005,0.05810528825944201
Spain,0.01611170882426,0.0098053096049011,0.52528326619486,0.064441495545427,0.0076054845046511,0.04318272385917,0.018826285980009,0.31365929821627997,0.0010844272704471003
Sri Lanka,0.017568717007887,0.00024368762032080004,0.4719033975856399,0.0017742779593830998,0.027290692641446,0.12857771140191,0.0011267651396736,0.35151242980926,2.3208344792000003e-06
Suriname,0.0010392606644601,0.0,0.006360973751260101,0.0008535272157708999,0.014313116961803,0.0053836242363629995,0.0,0.9646561417712401,0.007393355399102
Svalbard and Jan Mayen,0.0,0.81394109365983,0.0,0.0010830983965488,0.06653458747306,0.010389903170513002,0.091559796465718,0.0006052608686596,0.015886259965669
Sweden,0.0043896194472565,0.0066206642370767,0.092211341541209,0.042586728199561004,0.082963462457279,0.0013960853359966,0.030815163029327998,0.6631049897239101,0.075911946028387
Switzerland,0.043232625117505,0.08843896647678501,0.14827402821628,0.28259908842024006,0.03471231306809899,0.0,0.027877337468025,0.37445554269706,0.0004100985360044
Syrian Arab Republic,0.0091242297714801,0.6265147246614999,0.29778287367719003,0.0020278344368524995,0.006694109069197301,0.0011473975236225,0.04423918686504599,0.012434787386993001,3.48566081158e-05
Tajikistan,0.0043304181306983,0.24458249422086,0.21859400794897,0.44201021824350994,0.009730263150744599,0.033806496768353,0.039552492666708995,0.006966490203984499,0.00042711866617249996
Tanzania,0.0011382729043815,0.0026406885370223,0.28017407918306,0.032349701232986,0.064047197996888,0.16162388370968,0.0010028634562832999,0.40936686889553997,0.047656444084152004
Thailand,0.0084781428679407,2.3853116089e-06,0.6719753764282601,0.0037289874546027,0.016790208415111002,0.042142492850401,0.0006079562963207,0.25600356842617,0.0002708819495867
Timor-Leste,0.0053992450339321995,0.0,0.83408795560965,0.0002733142185276,0.0074671507250562,5.1568720476999995e-06,0.0022277687246023995,0.15053940881619002,0.0
Togo,0.006172255017070799,8.1160486746e-06,0.48646243081068,0.00020290121686619998,0.0036143470097771,0.11193519064598,2.7053495582e-06,0.39137480453849,0.0002272493628902
Tokelau,0.0,0.0,0.0,0.0,1.0,0.0,0.0,0.0,0.0
Tonga,0.0012199179327936,0.0,0.4879671731174501,0.0,0.10668736830431,0.0,0.0026616391260951998,0.40146390151935,0.0
Trinidad and Tobago,0.03900603309240799,0.0,0.21974493757839997,0.013947792843916002,0.011513649124903,0.0027178782629473,0.00011946717639329999,0.71017263006989,0.0027776118511439003
Tunisia,0.008011649333596299,0.56560326586742,0.29961909143346,0.0001177453114264,0.0034955949839503998,0.0051986790665231,0.093106235583031,0.024825381715892002,2.2356704701200003e-05
Turkey,0.011664627181764,0.018714004871817,0.55240417882742,0.09817182234998499,0.016744843624325,0.007800287941243801,0.040435804888354,0.25139124125306,0.0026731890620307996
Turkmenistan,0.0012706065109059001,0.58797351053784,0.083546201869591,0.020510742659633,0.16283299366602003,0.12043355797215,0.023100482894436003,0.00030465078413160004,2.72531052897e-05
Turks and Caicos Islands,0.0074225003638481,0.0,0.06854897394847902,0.12909329064183,0.093581720273614,0.0,0.0007276961141028,0.37563673409984005,0.32498908455829
Tuvalu,0.0017574692442882001,0.0,0.29876977152900003,0.0,0.6766256590509699,0.0,0.019332161687171,0.0035149384885764003,0.0
Uganda,0.0024753049628482,1.78010887273e-05,0.48547605991974,0.031209758811142005,0.15399340406087,0.08865005761513099,1.9072595065e-06,0.22304923113601,0.015126475146024998
Ukraine,0.04201554436387,0.00038328180179290005,0.7505310868596401,0.024014054267292,0.024360489482425002,5.153368764e-07,0.0006115760380205001,0.15723031165126,0.0008531401988144001
United Arab Emirates,0.038235974414236006,0.8760313963869499,0.03545820264115299,0.0,0.0021660134759760997,0.0006258092827296,0.045643005527442,0.0017271903865318,0.00011240788498080001
United Kingdom,0.055070926141168,0.0024972209114144,0.29720127568876,0.46925393743803995,0.014221966042862999,2.2169367634999997e-06,0.020916798363267,0.087381195942372,0.05345446253535201
United States,0.015434526287676,0.026735399888802004,0.20173062572788003,0.18239014573046997,0.023647522444478,0.19754129026163,0.028010329920552003,0.31615745491171,0.0083527048268021
United States Virgin Islands,0.20582439238012,0.0,0.16028027151303,0.058462885920735994,0.08145390847383399,0.0,0.0,0.44602583753011,0.047952704182177
Uruguay,0.0033621742609240995,0.0001933131004734,0.19508152524903,0.62075307155445,0.025312746788445,0.016337991052116998,6.71828039762e-05,0.12339617309410998,0.015495822096468001
Uzbekistan,0.0092621497995911,0.55318536972186,0.199822652472,0.060956515856016,0.019414471544548003,0.094822200860843,0.059227686545455994,0.0018284241655582001,0.0014805290341325
Vanuatu,0.0003454361602573,0.0019030392101445001,0.052562822276235995,1.2561314918399999e-05,0.018000364278133,0.0,0.0005589785138708,0.9266167982464399,0.0
Venezuela,0.0036040851800269997,0.0011457285738189,0.15451757340987002,0.18052660568520998,0.015237364797334,0.060152350069846004,0.0061187766690725,0.55646797294545,0.022229542669378998
Viet Nam,0.011152612599508,0.0005691856141034,0.47757887303125,0.0027605267665049,0.022742554953627998,0.12852661634872,0.0001844105081143,0.35447054710797,0.0020146730702003
Wallis and Futuna,0.0032715376226827002,0.0,0.52453653217012,0.0,0.22791712104689002,0.0,0.0,0.24427480916030997,0.0
Western Sahara,8.93721349714e-05,0.9987198587461902,0.00026668415916150006,0.0,0.0001833274563516,0.0,0.0007407575033207001,0.0,0.0
Yemen,0.0009270723421385002,0.7886031093518401,0.047030793304206,0.0009658697775094001,0.002263466098496,0.034992575966733996,0.11499475133385,0.010203386660323,1.89751648976e-05
Zambia,0.0011599556311857,5.72817595647e-05,0.16846268850301999,0.015543916902169998,0.018611457415717,0.13637140101773,0.0,0.62201413713826,0.03777916163235
Zimbabwe,0.0017705328778529,0.0022991147729194,0.36919752963729,0.037600553062754,0.011432403801933,0.27080986185042,0.00045950808822790005,0.30576297923397006,0.0006675166746333999
